-5.714774876832962036e-02
2.595423161983489990e-01
8.647881448268890381e-02
-3.565102219581604004e-01
-4.207201004028320312e-01
5.865085721015930176e-01
-6.460282802581787109e-01
1.999392807483673096e-01
2.784369289875030518e-01
-3.943329453468322754e-01
5.106655359268188477e-01
1.300252228975296021e-01
3.652527183294296265e-02
-5.473834276199340820e-01
1.429252922534942627e-01
4.882840514183044434e-01
-2.605581656098365784e-02
-3.276017308235168457e-01
-1.454613506793975830e-01
-2.416424751281738281e-01
2.928112074732780457e-02
3.207384347915649414e-01
3.652332127094268799e-01
3.384588956832885742e-01
1.432655379176139832e-02
5.593450069427490234e-01
-1.763979792594909668e-01
-6.828908920288085938e-01
1.016449835151433945e-02
-2.073767483234405518e-01
2.190307378768920898e-01
-7.240676879882812500e-01
-3.880491852760314941e-01
3.006323277950286865e-01
-2.746721208095550537e-01
-5.771467089653015137e-01
4.835891723632812500e-01
4.938260614871978760e-01
-3.766007721424102783e-01
5.247073620557785034e-02
4.916215315461158752e-02
-2.988516092300415039e-01
1.953351348638534546e-01
2.672176361083984375e-01
-3.424597978591918945e-01
2.806883454322814941e-01
-1.397338658571243286e-01
4.394856989383697510e-01
-1.572956144809722900e-02
-1.187587156891822815e-02
-4.004943668842315674e-01
9.782537817955017090e-03
4.537386298179626465e-01
1.974007189273834229e-01
5.983502864837646484e-01
1.225885748863220215e-01
1.680316776037216187e-01
5.031100511550903320e-01
2.969093620777130127e-01
-3.151445090770721436e-01
1.056347042322158813e-03
1.187157332897186279e-01
-2.153581082820892334e-01
3.054336011409759521e-01
1.612552404403686523e-01
-2.181672453880310059e-01
-3.206593990325927734e-01
-1.728084534406661987e-01
8.233281970024108887e-02
-1.043118685483932495e-01
-3.142170310020446777e-01
-3.508972227573394775e-01
-9.122017025947570801e-02
1.039999946951866150e-01
2.764948606491088867e-01
3.477237820625305176e-01
-2.571078836917877197e-01
-1.291614025831222534e-01
-1.579142957925796509e-01
6.352150440216064453e-01
9.114320874214172363e-01
3.535852581262588501e-02
-1.999975740909576416e-01
2.859480679035186768e-01
-2.858028113842010498e-01
2.160536497831344604e-02
4.347449839115142822e-01
3.850389644503593445e-02
2.795549333095550537e-01
3.207584023475646973e-01
-3.575429320335388184e-03
-4.458418488502502441e-01
-3.773832023143768311e-01
-4.926414191722869873e-01
1.823203563690185547e-01
2.133414447307586670e-01
2.266099005937576294e-01
-9.460455179214477539e-02
-1.458374261856079102e-01
1.431646347045898438e-01
2.642109990119934082e-01
-2.062086760997772217e-01
-1.135900169610977173e-01
-3.694254159927368164e-01
-1.134091466665267944e-01
-2.360117062926292419e-02
1.421878039836883545e-01
-1.701392978429794312e-01
-3.773295879364013672e-01
3.138874769210815430e-01
-2.700496315956115723e-01
3.322866857051849365e-01
1.359936501830816269e-02
-2.074369937181472778e-01
-6.117994785308837891e-01
-7.486379146575927734e-02
2.399637699127197266e-01
3.262355923652648926e-01
7.534596323966979980e-02
3.341439366340637207e-01
3.726450800895690918e-01
2.961481213569641113e-01
3.554304540157318115e-01
-2.724473476409912109e-01
3.503879904747009277e-01
-3.982286751270294189e-01
-3.378314077854156494e-01
-1.870056986808776855e-02
1.504493206739425659e-01
-5.502597242593765259e-02
-6.908411383628845215e-01
3.733440637588500977e-01
2.489159107208251953e-01
-2.702450454235076904e-01
-1.646839082241058350e-01
3.023151755332946777e-01
2.895165234804153442e-03
-3.930854424834251404e-02
2.214768975973129272e-01
3.163406252861022949e-02
-5.516300201416015625e-01
8.290852606296539307e-02
3.060986995697021484e-01
2.200442105531692505e-01
6.985745429992675781e-01
3.759660124778747559e-01
-1.857562176883220673e-02
1.172278150916099548e-01
-8.265381306409835815e-02
2.063225060701370239e-01
-3.853587508201599121e-01
2.419935911893844604e-01
9.765694290399551392e-02
6.804317235946655273e-02
-2.641908526420593262e-01
3.385013937950134277e-01
-2.351324707269668579e-01
2.662656903266906738e-01
-3.566767275333404541e-02
5.208514332771301270e-01
-2.310342192649841309e-01
-3.521447479724884033e-01
2.787586152553558350e-01
-4.996046423912048340e-01
1.282958686351776123e-01
-2.304056733846664429e-01
9.645058214664459229e-02
-5.675788223743438721e-02
-4.021423757076263428e-01
-1.114859730005264282e-01
2.068069279193878174e-01
3.702220320701599121e-01
2.578288912773132324e-01
-2.583162486553192139e-01
4.723426997661590576e-01
2.225484549999237061e-01
-4.002751111984252930e-01
-1.530748009681701660e-01
3.083167672157287598e-01
1.816407442092895508e-01
8.615627884864807129e-02
-3.452277556061744690e-02
-5.464147329330444336e-01
7.398455590009689331e-02
3.198230862617492676e-01
3.292441964149475098e-01
-5.781881213188171387e-01
-4.357169270515441895e-01
2.920937538146972656e-01
6.600049138069152832e-02
3.399582207202911377e-01
2.341467738151550293e-01
4.715326726436614990e-01
2.666397988796234131e-01
1.529278308153152466e-01
-2.967920303344726562e-01
-3.336428403854370117e-01
-2.809143066406250000e-01
6.538708209991455078e-01
-1.138403117656707764e-01
-3.887394368648529053e-01
1.146981492638587952e-01
4.561224877834320068e-01
-1.254821568727493286e-01
2.978007309138774872e-02
2.596787810325622559e-01
1.652421057224273682e-01
-2.508489787578582764e-02
-4.982500374317169189e-01
-7.369112372398376465e-01
-4.052185118198394775e-01
1.983674019575119019e-01
-4.327704906463623047e-01
3.414667248725891113e-01
5.099985003471374512e-01
1.630515791475772858e-02
-7.616209983825683594e-02
2.210692465305328369e-01
-4.647937119007110596e-01
4.664627611637115479e-01
-3.689741492271423340e-01
-1.351171359419822693e-02
1.668554097414016724e-01
-2.439751029014587402e-01
-8.219789266586303711e-01
1.462684869766235352e-01
-3.547550439834594727e-01
-8.468345552682876587e-02
3.231784403324127197e-01
3.805102109909057617e-01
-1.766881644725799561e-01
-3.571574985980987549e-01
-3.137177526950836182e-01
-4.627277851104736328e-01
-1.931639909744262695e-01
-4.834911823272705078e-01
-7.023263722658157349e-02
-1.903997063636779785e-01
5.351397991180419922e-01
3.357912003993988037e-01
-4.046622216701507568e-01
-3.049874007701873779e-01
-5.472183823585510254e-01
-1.815202832221984863e-02
-3.288735747337341309e-01
8.640587329864501953e-02
-2.829673290252685547e-01
1.728429049253463745e-01
3.514758348464965820e-01
3.302944898605346680e-01
3.861491680145263672e-01
3.885759413242340088e-01
2.330619543790817261e-01
1.464086920022964478e-01
-1.131214648485183716e-01
2.311954498291015625e-01
