              precision    recall  f1-score   support

          -1       0.92      0.87      0.90       175
       10001       1.00      1.00      1.00         2
       10005       1.00      1.00      1.00         3
       10013       1.00      1.00      1.00         3
       10014       1.00      1.00      1.00         4
       10018       1.00      1.00      1.00         5
       10027       1.00      1.00      1.00         4
       10031       1.00      1.00      1.00         3
       10038       1.00      1.00      1.00         3
       10050       0.44      1.00      0.62         4
       10052       1.00      1.00      1.00         5
       10057       1.00      1.00      1.00         4
       10074       1.00      1.00      1.00         3
       10081       0.38      1.00      0.55         3
       10092       1.00      1.00      1.00         5
       10106       1.00      1.00      1.00         4
       10109       1.00      1.00      1.00         3
       10120       1.00      0.50      0.67         4
       10121       1.00      1.00      1.00         2
       10122       1.00      1.00      1.00         4
       10131       1.00      1.00      1.00         3
       10137       1.00      1.00      1.00         3
       10140       1.00      1.00      1.00         5
       10156       1.00      1.00      1.00         3
       10157       1.00      1.00      1.00         5
       10164       0.75      1.00      0.86         3
       10169       1.00      1.00      1.00         2
       10180       1.00      1.00      1.00         5
       10185       1.00      0.75      0.86         4
       10195       1.00      1.00      1.00         3
       10215       1.00      1.00      1.00         4
       10249       1.00      1.00      1.00         3
       10250       1.00      1.00      1.00         3
       10252       1.00      1.00      1.00         4
       10253       1.00      0.50      0.67         2
       10265       1.00      1.00      1.00         5
       10314       1.00      1.00      1.00         5
       10319       1.00      1.00      1.00         3
       10320       1.00      1.00      1.00         4
       10322       1.00      0.50      0.67         4
       10326       1.00      1.00      1.00         4
       10327       1.00      1.00      1.00         3
       10349       1.00      1.00      1.00         2
       10351       1.00      1.00      1.00         4
       10358       1.00      1.00      1.00         5
       10363       1.00      1.00      1.00         4
       10364       1.00      1.00      1.00         4
       10365       1.00      1.00      1.00         4
       10366       1.00      1.00      1.00         4
       10367       1.00      1.00      1.00         4
       10371       1.00      1.00      1.00         5
       10386       1.00      1.00      1.00         4
       10388       1.00      1.00      1.00         4
       10391       1.00      0.67      0.80         3
       10393       1.00      1.00      1.00         5
       10397       1.00      1.00      1.00         5
       10408       1.00      1.00      1.00         4
       10411       1.00      1.00      1.00         3
       10431       1.00      0.75      0.86         4
       10435       1.00      1.00      1.00         4
       10440       1.00      1.00      1.00         5
       10442       1.00      1.00      1.00         4
       10446       1.00      1.00      1.00         3
       10448       1.00      1.00      1.00         5
       10449       1.00      1.00      1.00         5
       10450       1.00      1.00      1.00         3
       10453       1.00      1.00      1.00         5
       10464       1.00      1.00      1.00         3
       10465       1.00      1.00      1.00         5
       10471       1.00      1.00      1.00         5
       10475       1.00      1.00      1.00         4
       10480       1.00      1.00      1.00         2
       10482       1.00      1.00      1.00         5
       10486       1.00      1.00      1.00         4
       10501       0.44      1.00      0.62         4
       10503       1.00      1.00      1.00         5
       10518       1.00      1.00      1.00         3
       10526       1.00      1.00      1.00         3
       10537       1.00      1.00      1.00         2
       10549       1.00      0.75      0.86         4
       10557       1.00      1.00      1.00         3
       10561       1.00      1.00      1.00         5
       10568       1.00      1.00      1.00         4
       10572       1.00      1.00      1.00         5
       10575       1.00      1.00      1.00         2
       10579       1.00      1.00      1.00         4
       10596       1.00      1.00      1.00         3
       10598       1.00      1.00      1.00         4
       10602       1.00      1.00      1.00         3
       10605       1.00      1.00      1.00         2
       10618       1.00      1.00      1.00         3
       10621       1.00      1.00      1.00         3
       10625       1.00      1.00      1.00         3
       10642       1.00      1.00      1.00         3
       10643       1.00      0.67      0.80         3
       10644       1.00      1.00      1.00         2
       10654       1.00      0.80      0.89         5
       10683       1.00      1.00      1.00         5
       10704       1.00      1.00      1.00         3
       10705       1.00      1.00      1.00         4
       10710       1.00      1.00      1.00         5
       10711       1.00      1.00      1.00         4
       10721       1.00      1.00      1.00         3
       10722       1.00      0.80      0.89         5
       10729       1.00      1.00      1.00         4
       10734       1.00      1.00      1.00         5
       10757       1.00      1.00      1.00         5
       10769       1.00      1.00      1.00         4
       10792       1.00      1.00      1.00         4
       10797       1.00      1.00      1.00         3
       10839       1.00      1.00      1.00         5
       10842       1.00      1.00      1.00         3
       10855       1.00      1.00      1.00         4
       10860       1.00      1.00      1.00         5
       10868       1.00      1.00      1.00         4
       10876       1.00      1.00      1.00         3
       10879       1.00      1.00      1.00         5
       10880       1.00      1.00      1.00         5
       10888       1.00      1.00      1.00         4
       10894       1.00      1.00      1.00         5
       10908       1.00      1.00      1.00         3
       10909       1.00      1.00      1.00         5
       10918       1.00      1.00      1.00         5
       10923       1.00      1.00      1.00         4
       10927       1.00      1.00      1.00         3
       10931       1.00      1.00      1.00         5
       10939       1.00      1.00      1.00         3
       10940       1.00      1.00      1.00         5
       10948       1.00      1.00      1.00         5
       10951       1.00      1.00      1.00         5
       10959       1.00      1.00      1.00         5
       10960       1.00      1.00      1.00         4
       10963       1.00      1.00      1.00         3
       10974       1.00      1.00      1.00         5
       10975       1.00      1.00      1.00         3
       10976       1.00      1.00      1.00         4
       10987       1.00      1.00      1.00         5
       10991       1.00      1.00      1.00         3
       10993       1.00      1.00      1.00         3
       10998       1.00      1.00      1.00         3
       11007       1.00      1.00      1.00         5
       11012       1.00      1.00      1.00         4
       11016       1.00      0.80      0.89         5
       11019       1.00      1.00      1.00         3
       11021       1.00      1.00      1.00         5
       11023       1.00      1.00      1.00         3
       11032       0.50      1.00      0.67         5
       11047       1.00      1.00      1.00         5
       11055       1.00      1.00      1.00         5
       11071       1.00      1.00      1.00         4
       11079       1.00      1.00      1.00         3
       11080       1.00      1.00      1.00         5
       11110       1.00      1.00      1.00         5
       11132       1.00      1.00      1.00         3
       11133       1.00      1.00      1.00         4
       11147       1.00      1.00      1.00         5
       11166       1.00      1.00      1.00         4
       11173       1.00      1.00      1.00         5
       11192       1.00      1.00      1.00         3
       11205       1.00      1.00      1.00         3
       11224       1.00      1.00      1.00         5
       11229       0.75      1.00      0.86         3
       11237       1.00      1.00      1.00         3
       11238       1.00      1.00      1.00         3
       11247       1.00      1.00      1.00         4
       11249       1.00      1.00      1.00         5

    accuracy                           0.96       816
   macro avg       0.98      0.98      0.98       816
weighted avg       0.97      0.96      0.96       816
