              precision    recall  f1-score   support

          -1       0.89      0.68      0.77       100
          17       1.00      0.86      0.92         7
          61       0.89      0.89      0.89         9
          81       0.90      1.00      0.95         9
         154       1.00      0.75      0.86         4
         419       1.00      1.00      1.00        10
         817       0.83      1.00      0.91        10
         866       1.00      0.90      0.95        10
         926       1.00      1.00      1.00         6
        1000       1.00      1.00      1.00         7
        1066       1.00      1.00      1.00         9
        1106       1.00      1.00      1.00         8
        1224       1.00      1.00      1.00        10
        1228       1.00      1.00      1.00        10
        1298       1.00      1.00      1.00         8
        1333       1.00      1.00      1.00        10
        1437       0.83      1.00      0.91        10
        1460       0.83      1.00      0.91        10
        1509       0.71      1.00      0.83        10
        1567       0.91      1.00      0.95        10
        1593       1.00      0.90      0.95        10
        1618       1.00      1.00      1.00        10
        1892       1.00      1.00      1.00         3
        1989       1.00      1.00      1.00         7
        2019       1.00      1.00      1.00        10
        2057       1.00      1.00      1.00        10
        2086       1.00      1.00      1.00        10
        2181       1.00      1.00      1.00         8
        2286       1.00      1.00      1.00         6
        2445       1.00      1.00      1.00         6
        2465       1.00      1.00      1.00         6
        2542       1.00      1.00      1.00         5
        2548       1.00      1.00      1.00        10
        2576       1.00      1.00      1.00         7
        2685       1.00      1.00      1.00         4
        2725       1.00      1.00      1.00         2
        2745       1.00      1.00      1.00         2
        3030       1.00      1.00      1.00         8
        3041       1.00      1.00      1.00         4
        3127       1.00      1.00      1.00         9
        3178       1.00      1.00      1.00         7
        3347       0.83      1.00      0.91        10
        3382       0.86      1.00      0.92         6
        3524       1.00      1.00      1.00        10
        3677       1.00      1.00      1.00         6
        3789       1.00      1.00      1.00        10
        3839       1.00      1.00      1.00        10
        3969       1.00      1.00      1.00         5
        3978       1.00      1.00      1.00         5
        3980       0.67      1.00      0.80         4
        3981       1.00      1.00      1.00         2
        4006       1.00      1.00      1.00         7
        4030       1.00      1.00      1.00         2
        4232       1.00      1.00      1.00        10
        4253       0.83      1.00      0.91        10
        4276       1.00      1.00      1.00        10
        4295       1.00      1.00      1.00        10
        4366       1.00      1.00      1.00         9
        4478       1.00      0.90      0.95        10
        4570       1.00      1.00      1.00        10
        4627       1.00      1.00      1.00         4
        4656       1.00      1.00      1.00        10
        4950       1.00      1.00      1.00         7
        5015       1.00      1.00      1.00        10
        5055       1.00      1.00      1.00        10
        5124       1.00      0.90      0.95        10
        5202       1.00      1.00      1.00         2
        5459       1.00      1.00      1.00        10
        5594       1.00      1.00      1.00         5
        5654       1.00      1.00      1.00         9
        5714       1.00      1.00      1.00         4
        5816       1.00      1.00      1.00         5
        5999       1.00      1.00      1.00         6
        6104       1.00      1.00      1.00         8
        6209       1.00      1.00      1.00         8
        6310       0.50      1.00      0.67         6
        6484       1.00      1.00      1.00        10
        6692       1.00      1.00      1.00         9
        6811       1.00      1.00      1.00        10
        6816       0.86      1.00      0.92         6
        7312       0.62      1.00      0.77         5
        7354       1.00      1.00      1.00        10
        7396       1.00      1.00      1.00         6
        7414       1.00      1.00      1.00        10
        7426       1.00      1.00      1.00        10
        7494       1.00      1.00      1.00        10
        7620       1.00      1.00      1.00         9
        7621       1.00      1.00      1.00        10
        7663       1.00      1.00      1.00         6
        7802       1.00      1.00      1.00        10
        7868       1.00      1.00      1.00        10
        7961       1.00      1.00      1.00        10
        8149       1.00      1.00      1.00         4
        8374       1.00      1.00      1.00        10
        8392       1.00      1.00      1.00        10
        8696       1.00      0.80      0.89        10
        8701       1.00      1.00      1.00         9
        8911       1.00      1.00      1.00         3
        9017       0.69      0.90      0.78        10

    accuracy                           0.95       868
   macro avg       0.97      0.98      0.97       868
weighted avg       0.96      0.95      0.95       868
