              precision    recall  f1-score   support

          -1       0.78      0.88      0.83       175
       10001       0.00      0.00      0.00         2
       10005       0.00      0.00      0.00         3
       10013       0.00      0.00      0.00         3
       10014       0.00      0.00      0.00         4
       10018       0.00      0.00      0.00         5
       10027       0.00      0.00      0.00         4
       10031       0.00      0.00      0.00         3
       10038       0.00      0.00      0.00         3
       10050       0.00      0.00      0.00         4
       10052       0.00      0.00      0.00         5
       10057       0.00      0.00      0.00         4
       10074       0.00      0.00      0.00         3
       10081       0.00      0.00      0.00         3
       10092       0.00      0.00      0.00         5
       10106       0.00      0.00      0.00         4
       10109       0.00      0.00      0.00         3
       10120       0.00      0.00      0.00         4
       10121       0.00      0.00      0.00         2
       10122       0.00      0.00      0.00         4
       10131       0.00      0.00      0.00         3
       10137       0.00      0.00      0.00         3
       10140       0.00      0.00      0.00         5
       10156       0.00      0.00      0.00         3
       10157       0.00      0.00      0.00         5
       10164       0.00      0.00      0.00         3
       10169       0.00      0.00      0.00         2
       10180       0.00      0.00      0.00         5
       10185       0.00      0.00      0.00         4
       10195       0.00      0.00      0.00         3
       10215       0.00      0.00      0.00         4
       10249       0.00      0.00      0.00         3
       10250       0.00      0.00      0.00         3
       10252       0.00      0.00      0.00         4
       10253       0.00      0.00      0.00         2
       10265       0.00      0.00      0.00         5
       10314       0.00      0.00      0.00         5
       10319       0.00      0.00      0.00         3
       10320       0.00      0.00      0.00         4
       10322       0.00      0.00      0.00         4
       10326       0.00      0.00      0.00         4
       10327       0.00      0.00      0.00         3
       10349       0.00      0.00      0.00         2
       10351       0.00      0.00      0.00         4
       10358       0.00      0.00      0.00         5
       10363       0.00      0.00      0.00         4
       10364       0.00      0.00      0.00         4
       10365       0.00      0.00      0.00         4
       10366       0.00      0.00      0.00         4
       10367       0.00      0.00      0.00         4
       10371       0.00      0.00      0.00         5
       10386       0.00      0.00      0.00         4
       10388       0.00      0.00      0.00         4
       10391       0.00      0.00      0.00         3
       10393       0.00      0.00      0.00         5
       10397       0.00      0.00      0.00         5
       10408       0.00      0.00      0.00         4
       10411       0.00      0.00      0.00         3
       10431       0.00      0.00      0.00         4
       10435       0.00      0.00      0.00         4
       10440       0.00      0.00      0.00         5
       10442       0.00      0.00      0.00         4
       10446       0.00      0.00      0.00         3
       10448       0.00      0.00      0.00         5
       10449       0.00      0.00      0.00         5
       10450       0.00      0.00      0.00         3
       10453       0.00      0.00      0.00         5
       10464       0.00      0.00      0.00         3
       10465       0.00      0.00      0.00         5
       10471       0.00      0.00      0.00         5
       10475       0.00      0.00      0.00         4
       10480       0.00      0.00      0.00         2
       10482       0.00      0.00      0.00         5
       10486       0.00      0.00      0.00         4
       10501       0.00      0.00      0.00         4
       10503       0.00      0.00      0.00         5
       10518       0.00      0.00      0.00         3
       10526       0.00      0.00      0.00         3
       10537       0.00      0.00      0.00         2
       10549       0.00      0.00      0.00         4
       10557       0.00      0.00      0.00         3
       10561       0.00      0.00      0.00         5
       10568       0.00      0.00      0.00         4
       10572       0.00      0.00      0.00         5
       10575       0.00      0.00      0.00         2
       10579       0.00      0.00      0.00         4
       10596       0.00      0.00      0.00         3
       10598       0.00      0.00      0.00         4
       10602       0.00      0.00      0.00         3
       10605       0.00      0.00      0.00         2
       10618       0.00      0.00      0.00         3
       10621       0.00      0.00      0.00         3
       10625       0.00      0.00      0.00         3
       10642       0.00      0.00      0.00         3
       10643       0.00      0.00      0.00         3
       10644       0.00      0.00      0.00         2
       10654       0.00      0.00      0.00         5
       10683       0.00      0.00      0.00         5
       10704       0.00      0.00      0.00         3
       10705       0.00      0.00      0.00         4
       10710       0.00      0.00      0.00         5
       10711       0.00      0.00      0.00         4
       10721       0.00      0.00      0.00         3
       10722       0.00      0.00      0.00         5
       10729       0.00      0.00      0.00         4
       10734       0.00      0.00      0.00         5
       10757       0.00      0.00      0.00         5
       10769       0.00      0.00      0.00         4
       10792       0.00      0.00      0.00         4
       10797       0.00      0.00      0.00         3
       10839       0.00      0.00      0.00         5
       10842       0.00      0.00      0.00         3
       10855       0.00      0.00      0.00         4
       10860       0.00      0.00      0.00         5
       10868       0.00      0.00      0.00         4
       10876       0.00      0.00      0.00         3
       10879       0.00      0.00      0.00         5
       10880       0.00      0.00      0.00         5
       10888       0.00      0.00      0.00         4
       10894       0.00      0.00      0.00         5
       10908       0.00      0.00      0.00         3
       10909       0.00      0.00      0.00         5
       10918       0.00      0.00      0.00         5
       10923       0.00      0.00      0.00         4
       10927       0.00      0.00      0.00         3
       10931       0.00      0.00      0.00         5
       10939       0.00      0.00      0.00         3
       10940       0.00      0.00      0.00         5
       10948       0.00      0.00      0.00         5
       10951       0.00      0.00      0.00         5
       10959       0.00      0.00      0.00         5
       10960       0.00      0.00      0.00         4
       10963       0.00      0.00      0.00         3
       10974       0.00      0.00      0.00         5
       10975       0.00      0.00      0.00         3
       10976       0.00      0.00      0.00         4
       10987       0.00      0.00      0.00         5
       10991       0.00      0.00      0.00         3
       10993       0.00      0.00      0.00         3
       10998       0.00      0.00      0.00         3
       11007       0.00      0.00      0.00         5
       11012       0.00      0.00      0.00         4
       11016       0.00      0.00      0.00         5
       11019       0.00      0.00      0.00         3
       11021       0.00      0.00      0.00         5
       11023       0.00      0.00      0.00         3
       11032       0.00      0.00      0.00         5
       11047       0.00      0.00      0.00         5
       11055       0.00      0.00      0.00         5
       11071       0.00      0.00      0.00         4
       11079       0.00      0.00      0.00         3
       11080       0.00      0.00      0.00         5
       11110       0.00      0.00      0.00         5
       11132       0.00      0.00      0.00         3
       11133       0.00      0.00      0.00         4
       11147       0.00      0.00      0.00         5
       11166       0.00      0.00      0.00         4
       11173       0.00      0.00      0.00         5
       11192       0.00      0.00      0.00         3
       11205       0.00      0.00      0.00         3
       11224       0.00      0.00      0.00         5
       11229       0.00      0.00      0.00         3
       11237       0.00      0.00      0.00         3
       11238       0.00      0.00      0.00         3
       11247       0.00      0.00      0.00         4
       11249       0.00      0.00      0.00         5

    accuracy                           0.19       816
   macro avg       0.00      0.01      0.00       816
weighted avg       0.17      0.19      0.18       816
