              precision    recall  f1-score   support

          -1       0.99      1.00      1.00       100
          17       1.00      1.00      1.00         7
         154       1.00      0.75      0.86         4
        1000       1.00      1.00      1.00         7
        1066       1.00      1.00      1.00         9
        1106       1.00      1.00      1.00         8
        1224       1.00      1.00      1.00        10
        1228       1.00      1.00      1.00        10
        1298       1.00      1.00      1.00         8
        1333       1.00      1.00      1.00        10
        1437       1.00      1.00      1.00        10
        1460       1.00      1.00      1.00        10
        1509       1.00      1.00      1.00        10
        1567       1.00      1.00      1.00        10
        1593       1.00      1.00      1.00        10
        1618       1.00      1.00      1.00        10
        1892       1.00      1.00      1.00         3
        1989       1.00      1.00      1.00         7

    accuracy                           1.00       243
   macro avg       1.00      0.99      0.99       243
weighted avg       1.00      1.00      1.00       243
